1:6,9,4,7,5,4,9,3,7,3,5,7,5,8,3,4,3,2,2,3,4,1,6,8,1,9,6,6,9,1
2:2,2,5,4,4,6,1,2,7,3,2,1,7,9,5,2,6,2,6,2,5,1,8,1,2,7,8,7,3,6
3:8,8,3,4,8,6,9,2,2,3,1,5,9,8,2,6,7,6,6,8,9,6,8,5,2,9,5,5,8,9
4:4,7,6,5,8,3,5,1,9,6,4,2,9,1,1,9,2,8,9,7,9,7,4,8,3,2,1,6,5,1
5:2,5,4,6,3,5,1,2,3,7,2,3,7,9,2,6,1,3,6,6,1,4,2,3,9,7,2,8,3,8
6:5,9,9,6,8,8,6,5,2,4,9,5,1,3,9,3,7,5,1,5,9,5,4,5,6,4,3,1,5,5
7:4,1,4,2,8,5,8,2,2,4,8,4,5,8,8,7,4,7,3,9,3,6,7,6,7,3,6,9,9,9
8:9,6,9,3,7,6,4,3,6,4,8,9,3,9,1,6,7,7,4,5,6,8,7,1,8,8,5,2,2,9
9:7,1,2,2,1,3,5,2,5,7,1,2,5,9,6,7,3,9,2,8,3,1,7,6,3,3,8,7,2,5
10:9,3,6,3,8,6,1,3,2,4,4,1,3,1,7,8,6,9,5,3,1,8,3,6,7,8,6,8,6,1
11:1,3,6,7,9,5,4,3,1,1,4,7,6,1,9,7,2,2,8,8,2,9,3,8,7,6,7,3,7,7
12:5,3,4,9,7,6,8,2,8,6,4,4,1,8,9,5,4,9,6,6,4,8,7,2,9,9,7,5,2,1
13:9,6,9,1,6,7,3,9,5,1,2,1,4,7,9,2,6,2,6,1,6,5,4,1,7,4,5,1,5,7
14:6,9,5,6,1,6,5,4,7,7,7,5,2,3,2,9,9,3,4,1,9,1,8,9,2,3,9,3,4,6
15:3,8,2,8,3,8,3,8,7,8,4,2,5,2,7,4,7,6,2,2,7,8,4,7,3,8,4,1,6,7
16:9,7,8,3,5,2,8,2,9,5,5,7,4,5,9,6,1,9,5,3,3,9,9,1,4,4,6,3,5,4
17:1,6,9,7,4,6,8,4,4,5,4,5,6,5,7,2,9,2,3,9,9,2,3,8,7,1,9,7,2,4
18:4,5,3,9,4,1,3,2,2,8,5,6,4,6,1,7,9,3,2,6,4,6,2,7,4,2,5,2,5,9
19:2,2,4,7,6,6,8,5,9,7,3,7,4,8,5,2,2,3,1,5,5,5,1,7,7,4,3,6,5,8
20:8,1,8,5,7,2,6,8,3,7,2,2,5,2,5,3,7,3,7,5,4,7,2,5,3,7,2,9,5,4
21:5,9,9,6,8,8,6,5,2,4,9,5,1,3,9,3,7,5,1,5,9,5,4,5,6,4,3,1,5,1
22:5,9,9,3,9,9,4,7,4,1,4,1,2,3,5,2,2,5,7,5,3,4,3,1,5,8,7,2,4,4
23:3,4,1,6,4,3,9,9,8,8,8,1,6,3,5,7,6,9,3,9,5,9,8,2,4,7,5,1,6,6
24:7,4,9,5,1,9,4,6,1,7,5,1,3,6,5,5,4,3,3,6,7,1,5,1,4,4,3,6,3,2
25:5,4,9,4,7,4,9,7,2,5,3,9,9,4,5,4,2,1,6,2,7,3,5,4,8,9,8,5,6,6
26:2,2,5,4,4,6,1,2,7,3,2,1,7,9,5,2,6,2,6,2,5,1,8,1,2,7,8,7,3,8
27:2,7,7,3,2,1,5,5,8,8,8,2,6,6,2,5,4,2,3,1,4,8,8,6,8,7,9,5,2,7
28:4,3,3,7,8,8,6,7,4,5,4,4,9,6,4,2,4,4,6,7,3,5,1,3,6,9,5,6,8,3
29:8,2,2,7,2,4,7,1,5,4,2,5,9,3,5,7,7,4,9,1,5,6,6,9,3,9,7,6,9,6
30:5,8,5,7,7,2,1,8,9,7,8,4,2,5,1,7,9,1,8,1,5,8,4,5,3,5,1,7,6,7
31:3,9,6,1,5,7,1,3,7,2,9,3,7,7,9,5,5,2,7,8,1,7,2,2,4,6,1,3,1,4
32:6,9,8,4,2,5,6,5,1,6,6,3,8,6,5,3,1,7,8,5,9,5,4,3,8,3,1,7,1,9
33:2,4,6,6,8,2,8,1,4,3,4,8,8,2,1,1,6,5,4,5,7,9,9,4,5,7,9,1,6,8
34:6,5,2,9,8,6,2,3,5,1,2,5,2,9,3,6,3,4,1,8,3,7,1,8,4,2,1,4,9,7
35:7,2,1,3,1,3,1,5,4,7,8,8,2,2,7,2,8,1,3,2,4,2,6,9,1,4,6,4,1,6
36:6,9,4,7,5,4,9,3,7,3,5,7,5,8,3,4,3,2,2,3,4,1,6,8,1,9,6,6,7,1
37:6,8,7,4,9,5,4,1,4,6,9,7,8,4,3,9,9,6,9,7,6,5,9,1,9,1,7,2,2,3
38:5,4,2,3,9,1,5,5,5,1,2,3,7,9,8,7,6,5,4,1,2,7,2,9,8,9,2,9,3,3
39:8,7,9,2,6,4,8,1,2,5,2,6,5,2,6,5,1,1,5,8,2,6,6,9,9,4,4,5,2,7
40:6,6,1,3,7,6,1,2,2,5,4,6,9,2,4,1,6,7,4,6,5,1,6,4,5,4,9,9,5,2
41:4,3,8,4,9,9,3,5,8,9,1,6,8,1,9,1,1,9,3,4,5,7,3,3,8,5,3,1,2,9
42:3,2,5,4,6,5,2,1,1,2,8,9,6,8,5,2,1,8,9,8,3,9,4,1,3,8,5,1,3,3
43:5,6,3,1,7,8,5,8,6,1,6,8,6,5,9,3,1,8,1,7,7,5,7,2,9,7,2,9,3,6
44:6,8,9,9,8,6,1,2,8,2,2,5,4,6,1,7,7,8,9,9,5,1,3,5,4,6,9,4,6,3
45:9,8,5,7,1,2,1,5,5,1,5,7,4,4,2,8,4,8,5,9,8,6,9,1,1,4,1,6,7,7
46:2,5,9,7,8,5,7,8,9,7,6,6,6,6,8,1,5,1,9,6,7,9,2,5,8,9,6,6,5,8
47:6,7,7,6,5,9,7,5,9,4,3,6,2,6,4,7,4,2,9,3,3,6,4,6,4,3,4,1,8,9
48:6,5,3,5,5,6,3,3,8,7,7,5,1,4,4,7,9,8,2,5,7,7,6,7,5,2,2,7,8,6
49:2,5,7,5,7,7,6,6,7,5,6,7,6,5,9,9,2,4,1,9,2,9,3,7,1,5,8,9,1,4
50:2,6,7,8,7,9,8,9,7,1,8,8,1,7,4,8,1,1,5,1,5,9,9,2,1,2,3,3,1,5
51:3,2,1,5,9,6,5,9,6,4,9,4,8,6,4,5,6,7,6,2,1,9,2,7,6,5,5,7,6,8
52:4,2,3,3,5,2,7,5,1,1,9,8,1,5,6,3,4,2,3,8,1,6,3,2,7,2,4,4,4,3
53:4,4,9,5,7,3,2,7,5,4,2,7,7,4,5,8,9,9,1,3,6,2,8,3,3,4,7,2,1,7
54:9,6,2,9,9,4,1,9,3,4,7,5,6,6,3,4,6,8,6,9,5,2,8,3,5,2,4,7,5,7
55:6,5,7,7,3,7,7,1,7,4,4,2,6,7,7,5,5,1,3,3,7,9,2,1,9,7,8,1,9,4
56:6,5,5,6,2,5,7,9,4,9,2,1,1,7,4,2,5,4,2,8,5,1,7,6,4,7,4,7,2,4
57:3,6,4,2,2,7,2,8,8,4,2,1,9,7,4,1,1,3,7,2,1,3,7,5,8,6,8,5,6,9
58:8,8,2,5,6,3,4,9,8,3,9,1,6,3,2,1,9,3,2,6,6,2,2,1,7,6,2,3,3,6
59:9,6,4,3,2,8,4,4,6,2,3,3,5,4,6,5,7,9,3,8,1,2,5,1,6,6,6,6,2,1
60:3,4,1,6,4,3,9,9,8,8,2,1,6,3,5,7,6,9,3,9,5,9,8,2,4,7,5,1,6,8
61:9,9,8,7,3,3,6,1,9,5,3,1,3,8,9,4,2,4,1,1,2,2,7,9,2,1,9,9,7,1
62:6,1,1,4,5,5,2,9,3,4,3,1,6,5,1,3,6,9,7,3,5,2,7,3,8,7,7,3,8,9
63:6,4,3,6,7,5,4,9,7,9,5,4,4,8,2,3,8,6,7,1,4,7,7,8,1,2,3,3,2,1
64:9,6,3,8,1,5,7,5,8,2,9,1,5,2,9,5,7,6,2,4,9,3,7,7,3,2,2,5,9,1
65:7,2,5,6,8,3,9,9,9,8,9,5,1,5,2,5,6,8,4,6,5,4,3,5,9,6,6,6,5,7
66:6,5,7,7,3,7,7,1,7,4,4,2,6,7,7,5,9,1,3,3,7,9,2,1,9,7,8,1,9,4
67:3,2,5,2,5,6,3,4,9,3,1,1,6,7,7,7,3,9,7,6,4,4,8,9,6,7,9,9,6,9
68:1,8,9,8,9,4,4,1,4,8,4,5,7,2,1,8,8,5,4,7,8,3,5,3,9,2,5,3,4,8
69:3,6,3,3,5,9,4,5,1,5,2,3,5,7,4,8,7,7,8,9,8,1,5,7,3,7,4,3,2,7
70:1,2,1,7,3,5,1,8,9,7,6,3,9,3,3,3,3,4,4,7,9,8,4,9,1,3,2,1,4,4
71:6,4,5,2,3,7,1,6,5,1,7,3,8,5,7,9,9,5,6,1,9,2,5,1,2,1,5,2,9,5
72:4,7,7,4,3,5,8,6,6,9,9,5,5,2,2,1,4,8,7,6,5,2,1,8,1,4,8,5,6,2
73:1,8,6,4,3,8,5,1,3,2,3,2,3,2,2,3,4,4,3,8,7,1,6,2,4,4,5,9,8,9
74:3,3,4,5,8,2,8,8,8,8,8,4,9,9,7,7,6,2,5,9,2,1,1,4,5,8,8,9,5,5
75:9,8,5,7,1,2,1,5,5,1,5,6,4,4,2,8,4,8,5,9,8,6,9,1,1,4,1,6,7,7
76:2,3,7,1,4,6,7,4,9,2,8,6,6,8,4,9,7,1,2,5,7,5,5,6,4,3,5,7,8,2
77:4,8,2,1,5,1,6,5,7,9,8,5,7,3,3,9,9,9,7,6,5,2,6,6,9,3,9,9,6,3
78:2,4,6,6,8,2,8,1,4,3,4,8,8,2,1,1,6,5,4,5,7,9,9,4,5,7,9,1,6,9
79:6,3,2,4,1,7,4,8,6,1,2,1,2,6,9,7,7,2,7,6,1,7,5,6,6,9,3,6,4,1
80:7,2,5,5,2,4,8,2,4,8,7,2,2,4,9,8,5,7,4,6,3,9,1,9,7,8,9,3,2,2
81:7,4,2,9,4,1,8,4,3,1,9,3,1,4,3,8,6,2,8,5,9,7,9,4,5,4,2,9,5,6
82:7,4,2,9,7,8,8,4,3,6,1,9,8,4,5,7,8,4,2,2,9,6,5,1,4,1,5,6,1,2
83:2,1,6,7,3,9,6,2,5,6,5,3,1,5,5,5,3,4,7,2,6,3,5,8,9,6,8,3,4,1
84:8,1,2,7,4,2,1,2,2,7,7,3,5,5,6,5,7,8,8,5,3,4,7,8,2,1,7,7,9,2
85:2,3,2,1,8,4,6,6,7,5,8,2,5,7,8,4,9,5,5,8,5,2,9,1,2,1,1,5,9,7
86:5,4,5,7,7,5,7,1,1,9,8,1,7,2,2,2,3,5,4,8,7,4,3,5,8,1,5,7,6,4
87:2,4,5,7,9,7,7,4,1,2,8,7,4,9,7,3,1,3,9,7,9,6,1,3,1,9,1,3,5,6
88:5,9,6,6,8,8,6,5,2,4,9,5,1,3,9,3,7,5,1,5,9,5,4,5,6,4,3,1,5,1
89:2,5,4,5,3,3,8,7,8,7,2,2,4,1,7,3,8,4,7,6,4,2,9,7,7,3,5,9,6,5
90:5,2,5,2,9,7,2,7,1,3,1,3,8,9,4,4,5,1,9,7,8,9,4,1,7,9,4,5,1,2
91:6,8,9,9,6,8,6,9,8,5,4,8,9,5,5,2,5,8,2,1,7,7,3,2,3,8,6,2,3,9
92:3,7,2,2,7,5,5,6,4,5,2,2,9,1,4,9,4,7,6,3,3,3,5,9,1,9,2,4,5,5
93:5,3,5,8,7,8,2,6,6,8,6,4,7,8,6,8,1,3,5,7,1,5,8,5,3,7,6,9,3,5
94:5,8,3,9,4,8,6,9,6,5,5,6,9,2,7,5,4,3,8,9,9,8,1,3,5,8,7,7,9,6
95:9,3,5,6,6,1,3,9,3,4,6,1,7,8,8,7,8,1,7,4,8,4,6,1,4,2,2,8,8,9
96:7,1,3,8,7,3,2,8,6,2,1,2,3,7,5,2,4,1,3,1,4,3,5,6,8,4,6,8,6,7
97:5,2,4,6,6,7,3,6,1,2,7,8,1,8,6,6,4,5,8,8,2,8,8,1,3,9,3,6,8,5
98:8,2,2,7,2,4,7,1,5,4,2,5,9,3,5,7,7,4,9,1,5,6,6,9,3,9,7,6,6,4
99:9,6,7,1,7,2,3,2,4,3,6,4,1,6,2,3,5,7,4,3,5,1,7,8,3,9,4,5,6,5
100:1,6,5,2,4,6,3,8,2,6,4,5,5,1,3,3,7,3,1,4,4,7,2,7,4,4,7,3,7,3
101:4,2,1,3,9,5,2,9,3,1,2,7,6,7,9,2,2,3,8,1,2,4,6,3,6,4,8,5,8,6
102:1,5,1,5,4,3,9,4,8,6,1,3,8,4,7,2,4,4,1,3,4,5,1,7,4,5,9,2,8,8
103:2,2,5,4,4,6,1,2,7,3,2,1,7,9,5,8,6,2,6,2,5,1,8,1,2,7,8,7,3,6
104:1,6,9,7,4,6,8,4,4,5,4,5,6,5,7,2,9,2,3,9,4,2,3,8,7,1,9,7,2,4
105:5,9,5,9,7,7,3,8,5,9,2,7,1,9,5,9,8,5,8,4,4,4,9,5,4,2,9,3,6,6
106:9,8,4,6,7,2,9,6,5,6,9,1,6,6,3,1,4,4,3,7,5,8,5,7,4,8,4,9,1,5
107:4,9,5,7,1,7,5,7,5,2,5,9,3,7,2,4,6,7,9,2,5,7,2,3,6,8,7,7,9,4
108:3,5,8,2,8,3,6,9,2,4,5,9,1,4,3,7,1,3,2,6,2,9,6,2,7,9,7,2,7,9
109:6,7,7,1,6,7,4,6,2,9,4,2,2,3,3,5,6,1,8,7,7,5,6,5,3,4,6,9,8,3
110:9,2,9,6,8,9,4,9,6,2,2,7,5,6,9,9,9,1,4,2,4,5,5,7,5,8,7,9,9,6
111:9,6,7,1,7,2,3,2,4,3,6,4,1,6,2,3,5,7,8,3,5,1,7,8,3,9,4,5,6,5
112:1,7,7,7,8,3,8,3,4,1,6,3,7,6,3,6,4,8,8,2,9,7,4,9,9,8,5,8,8,3
113:9,8,4,6,8,2,9,6,5,6,9,1,6,6,3,1,4,4,3,7,5,8,5,7,4,8,4,9,1,5
114:4,3,4,9,3,3,4,5,4,7,1,8,4,3,2,2,7,2,3,2,7,5,5,7,9,2,5,1,1,1
115:3,2,8,6,8,1,1,6,6,9,2,4,3,6,8,4,1,8,6,6,1,9,2,8,4,5,3,5,1,3
116:6,3,5,8,5,7,8,7,7,7,7,1,9,8,5,4,7,9,5,2,4,7,2,1,4,6,6,6,3,1
117:4,6,1,5,7,7,4,2,1,3,3,8,9,7,9,3,8,9,2,5,4,9,5,4,1,1,8,6,7,1
118:8,6,8,7,8,7,5,2,2,2,8,9,3,3,1,7,9,1,6,7,1,9,1,3,1,6,8,3,3,2
119:7,4,8,8,2,1,1,3,7,4,9,3,5,6,2,4,7,9,6,8,1,7,5,2,2,7,9,5,5,4
120:3,2,3,4,2,3,5,5,8,2,3,3,6,5,6,5,2,7,3,6,1,1,4,6,2,3,8,4,3,2
121:4,2,8,2,4,7,2,5,1,4,3,4,6,3,3,1,5,9,3,4,8,3,3,4,8,4,1,8,8,5
122:9,2,3,2,1,4,4,3,5,3,1,8,1,6,5,9,6,5,3,9,8,4,9,6,1,9,6,8,8,2
123:4,9,1,4,3,8,1,1,7,8,4,9,1,7,2,5,6,1,9,9,8,1,5,4,1,6,4,9,7,7
124:4,3,2,2,3,6,6,9,1,2,3,8,9,4,8,6,7,1,3,7,2,8,6,4,1,2,9,4,9,2
125:5,2,4,6,6,7,3,6,1,2,7,8,1,8,6,6,4,5,8,8,2,8,8,1,3,9,3,6,8,9
126:3,1,5,2,5,6,3,4,9,3,1,1,6,7,7,7,3,9,7,6,4,4,8,9,6,7,9,9,6,5
127:3,3,1,1,9,3,2,4,3,8,8,3,9,7,3,2,7,4,6,6,9,8,5,8,2,7,1,3,8,6
128:3,2,1,7,5,6,6,4,3,7,4,7,4,6,5,5,6,2,4,5,3,9,3,2,1,3,4,9,9,4
129:5,9,5,9,7,7,3,8,5,9,2,7,1,9,8,9,8,5,8,4,4,4,9,5,4,2,9,3,6,7
130:7,4,2,9,7,8,8,4,3,4,1,9,8,4,5,7,8,4,2,2,9,6,5,1,4,1,5,6,1,2
131:1,6,9,4,4,9,3,4,9,2,6,7,5,6,8,3,2,3,8,7,2,9,7,6,3,1,8,6,2,3
132:1,8,4,7,1,4,3,2,8,6,8,7,4,5,9,7,2,5,2,2,9,2,5,4,4,9,7,3,5,4
133:6,1,6,2,2,5,3,4,7,1,6,4,1,1,4,3,3,2,7,4,8,8,1,6,3,3,6,8,8,9
134:8,5,1,2,8,3,1,4,2,7,4,8,5,8,1,8,8,7,2,1,3,9,6,7,5,1,3,7,5,1
135:1,6,2,1,5,3,6,2,4,7,2,5,3,7,6,5,4,3,1,7,8,2,2,1,2,6,5,5,8,1
136:7,1,6,4,9,2,3,7,9,3,2,2,5,1,4,8,3,5,3,8,9,3,8,5,2,7,7,2,7,8
137:6,3,3,3,8,6,7,7,1,7,7,2,7,2,7,8,2,7,1,5,1,2,9,4,3,6,3,9,7,6
138:6,8,9,9,8,6,1,2,8,2,2,5,4,6,1,7,7,8,9,9,5,1,3,5,4,6,9,4,6,3
139:4,8,1,1,5,1,6,5,7,9,8,5,7,3,3,9,9,9,7,6,5,2,6,6,9,3,9,9,6,3
140:4,6,1,5,7,7,4,2,1,3,3,8,9,7,9,3,8,9,2,5,4,9,5,4,1,1,8,6,7,6
141:9,6,9,3,7,6,4,3,6,1,8,9,3,9,1,6,7,7,4,5,6,8,7,1,8,8,5,2,2,2
142:4,5,1,4,5,1,2,9,6,1,4,3,5,5,3,3,9,3,6,3,3,1,8,5,3,6,5,1,1,6
143:5,5,8,3,6,3,5,4,4,3,1,7,4,4,6,4,2,1,3,6,8,5,3,6,5,6,5,7,7,1
144:9,5,8,7,7,1,5,3,4,9,3,9,7,7,4,1,8,5,8,8,6,1,4,2,2,1,5,2,8,4
145:2,6,8,7,6,3,3,8,5,5,8,2,3,5,1,3,8,7,7,6,7,5,5,2,6,3,2,6,7,2
146:5,4,9,4,7,4,9,7,2,5,3,9,9,4,5,4,2,1,6,2,7,3,5,4,8,9,8,5,6,4
147:6,9,1,3,7,6,1,2,2,5,4,6,9,2,4,1,6,7,4,6,5,1,6,4,5,4,9,9,5,1
148:4,2,5,8,8,1,2,3,2,9,3,3,9,9,9,8,5,6,5,8,3,2,4,7,4,8,7,6,5,4
149:9,5,4,5,1,1,4,9,3,5,7,8,3,6,3,8,1,5,3,6,4,9,2,8,3,3,5,7,9,7
150:1,4,6,4,6,1,9,8,8,8,8,5,5,7,5,7,6,5,8,9,9,8,9,9,6,2,8,3,7,1
151:4,6,1,9,3,7,6,6,9,3,1,5,2,8,2,5,9,2,4,6,6,5,9,9,1,4,8,9,4,6
152:6,8,7,4,9,6,4,2,5,6,5,9,5,2,3,3,9,7,7,3,6,1,3,9,7,5,8,6,7,7
153:5,1,8,6,3,9,1,8,2,8,1,6,5,3,3,6,1,3,1,8,8,2,1,4,8,4,4,6,7,5
154:4,2,5,3,2,8,3,1,4,3,6,8,8,7,5,3,4,5,4,8,8,8,9,7,6,2,2,4,7,5
155:6,9,1,9,2,4,2,8,5,9,1,7,5,8,1,6,2,7,2,3,7,1,6,8,2,1,3,5,5,9
156:7,6,7,6,1,4,2,5,9,2,6,4,5,8,3,8,5,7,3,4,4,6,4,5,7,5,4,2,5,7
157:4,1,4,3,3,2,8,7,5,7,9,7,3,3,9,3,6,3,9,9,8,6,7,8,4,8,1,4,3,4
158:7,4,8,2,9,4,6,2,7,7,7,4,8,7,1,5,2,7,5,5,8,4,6,6,8,2,6,9,2,4
159:3,2,9,1,1,2,3,6,8,7,3,5,7,3,4,7,4,4,8,6,5,3,6,3,1,7,9,4,1,8
160:1,3,3,1,4,6,1,5,1,6,5,7,6,9,2,5,4,3,8,4,1,9,8,7,2,4,6,4,3,2
161:7,7,3,4,7,4,1,3,6,9,2,6,9,6,4,3,8,9,9,9,5,5,2,5,4,3,7,9,4,6
162:5,5,8,3,6,3,5,4,4,3,1,7,4,4,6,7,2,1,3,6,8,5,3,6,5,6,5,7,7,1
163:3,9,9,6,4,6,7,2,8,4,7,8,3,8,3,5,5,2,4,9,2,3,7,5,4,1,1,1,4,6
164:9,1,7,1,7,6,3,7,3,2,9,4,2,6,2,2,4,4,1,3,1,1,5,7,9,9,4,2,6,9
165:3,7,9,5,6,6,5,4,3,7,6,9,4,7,6,4,6,3,6,5,6,6,9,6,1,6,7,6,7,2
166:2,4,3,6,5,1,1,5,8,6,3,8,2,3,2,6,3,6,6,6,2,1,2,7,3,9,3,3,6,9
167:3,2,3,4,2,3,5,5,8,2,3,3,6,5,6,5,2,7,3,6,1,1,4,6,2,3,8,4,3,6
168:8,9,9,1,9,4,8,4,7,2,6,3,4,3,4,8,3,7,8,9,7,6,6,4,6,6,3,4,5,8
169:6,6,1,1,5,1,2,4,4,1,6,3,3,2,1,1,4,8,2,5,5,4,4,8,3,7,6,8,3,7
170:8,1,7,1,3,8,3,7,2,7,8,7,7,9,9,7,4,7,7,4,7,2,5,1,1,9,2,4,1,2
171:1,9,4,6,5,3,5,8,6,9,5,8,1,4,1,6,3,1,7,8,7,4,9,6,6,1,7,2,6,8
172:6,5,3,5,5,6,3,3,8,7,7,5,1,4,4,7,9,8,2,3,7,7,6,7,5,2,2,7,8,6
173:3,7,9,6,5,3,6,7,1,7,2,3,9,2,4,6,2,1,5,2,8,5,7,3,1,7,7,2,9,3
174:9,5,8,9,7,6,4,3,4,5,5,9,5,6,6,2,8,1,2,6,8,9,5,2,1,1,6,6,4,5
175:7,2,9,8,4,4,9,7,5,6,7,7,8,1,4,1,2,3,7,5,2,6,4,8,5,5,5,8,6,8
176:6,5,2,1,4,9,6,2,1,3,4,2,4,8,7,9,2,1,1,8,8,2,3,5,5,6,7,1,9,8
177:6,6,1,3,7,6,1,2,2,5,4,6,9,2,4,1,6,7,4,6,5,1,6,4,5,4,9,9,5,1
178:5,8,5,6,3,1,6,3,7,4,9,6,2,3,8,4,2,9,6,1,9,6,6,7,7,8,4,3,8,4
179:8,3,3,6,9,5,5,2,1,7,1,6,8,6,3,6,9,6,7,8,1,2,5,2,3,6,9,5,1,9
180:2,4,6,6,8,2,8,1,4,3,4,8,8,2,1,1,6,5,4,5,7,9,9,4,2,7,9,1,6,8
181:3,2,3,5,6,9,1,7,5,9,5,8,2,7,8,5,7,4,6,3,1,6,7,2,6,1,7,6,2,3
182:4,1,1,6,9,1,5,8,7,6,4,4,9,5,9,5,3,1,8,5,5,4,6,2,1,2,7,3,1,7
183:7,4,4,9,9,4,2,4,8,5,4,1,1,8,2,7,3,9,7,6,3,8,5,8,1,2,2,6,7,4
184:5,8,5,6,3,1,9,3,7,4,9,6,2,3,8,4,2,9,6,1,9,6,6,7,7,8,4,3,8,6
185:3,5,8,6,2,3,4,4,5,9,8,8,2,9,1,3,7,1,7,1,7,9,2,7,6,5,9,4,4,1
186:8,7,1,5,9,7,8,2,4,4,9,3,2,9,7,1,1,1,2,3,2,4,4,5,1,5,4,7,5,8
187:7,4,8,2,9,4,6,2,7,7,7,4,8,7,1,5,2,7,5,5,8,4,8,6,8,2,6,9,2,4
188:7,4,8,2,9,4,6,2,7,7,7,4,8,7,1,5,2,7,5,5,8,4,8,6,8,2,6,9,2,5
189:6,8,7,4,9,6,4,2,4,6,5,9,5,2,3,3,9,7,7,3,6,1,3,9,7,5,8,6,7,7
190:3,6,9,1,1,9,6,7,7,6,6,6,7,4,7,5,9,5,9,1,5,5,5,2,3,7,5,3,9,7
191:5,1,7,1,5,2,9,6,8,2,9,6,5,8,2,2,2,6,1,3,6,5,1,4,3,1,8,2,4,6
192:3,2,1,7,5,6,6,4,3,7,4,7,4,6,5,5,6,2,4,5,3,9,3,2,1,3,4,9,9,2
193:9,2,1,3,1,3,1,5,4,7,8,8,2,2,7,2,8,1,3,2,4,2,6,9,1,4,6,4,1,6
194:7,4,3,3,1,2,9,5,1,1,6,3,3,3,7,9,3,3,8,6,6,4,9,6,1,3,7,4,7,6
195:9,6,3,8,1,5,7,5,8,2,9,1,5,2,9,5,7,6,2,4,9,1,7,7,3,2,2,5,9,8
196:7,8,8,9,4,2,6,2,1,4,7,6,3,5,6,8,8,6,5,7,1,7,4,4,7,7,1,1,4,5
197:8,2,2,7,2,4,7,1,5,4,2,5,9,3,5,7,7,4,9,1,5,6,6,9,3,9,7,6,6,6
198:3,6,1,5,4,8,6,3,5,3,4,2,2,8,5,6,7,9,4,7,3,6,8,5,8,5,6,9,8,8
199:1,6,9,7,8,5,8,7,1,3,6,9,7,6,5,8,2,7,1,5,4,1,5,5,4,9,1,2,8,1
200:3,6,1,5,4,8,6,3,5,3,4,2,2,8,5,6,7,9,4,7,3,6,8,5,8,5,6,9,8,6
201:9,8,5,7,1,2,1,5,5,1,5,7,4,4,2,8,4,8,5,9,8,6,9,1,1,4,1,6,7,1
202:8,5,7,5,7,7,6,6,7,5,6,7,6,5,9,9,2,4,1,9,2,9,3,7,1,5,8,9,1,4
203:6,9,3,9,1,8,7,8,7,6,3,5,2,7,6,7,2,3,1,4,1,5,5,2,7,2,9,8,8,1
204:8,1,2,7,4,2,1,2,2,7,7,3,5,5,6,5,7,8,8,5,3,4,7,8,2,1,7,7,9,2
205:9,6,2,9,9,4,1,9,3,4,7,5,6,6,3,4,6,8,6,9,5,2,8,3,5,2,4,4,5,7
206:3,6,1,5,4,8,6,3,5,3,4,2,2,8,5,6,7,9,4,7,3,6,8,5,8,5,9,9,8,8
207:1,2,1,7,8,8,5,1,7,1,5,7,6,6,8,9,3,9,1,8,6,1,6,5,7,7,3,1,3,7
208:6,7,7,1,6,7,4,6,2,9,4,2,2,3,3,5,6,1,8,7,7,5,6,5,3,4,6,9,8,3
209:3,6,3,3,5,9,4,5,1,5,2,3,5,7,4,8,7,7,8,9,8,1,5,7,3,7,4,3,2,2
210:3,1,2,9,7,3,9,3,5,9,7,4,8,8,6,2,1,7,2,4,5,6,6,4,5,5,1,2,3,6
211:8,9,2,1,1,9,6,5,5,7,6,4,2,3,2,3,5,8,2,7,3,9,4,6,9,2,2,9,2,6
212:8,5,2,2,2,8,6,6,2,1,9,6,5,4,9,6,2,5,1,4,2,4,6,1,5,1,1,7,6,3
213:7,2,9,1,4,4,6,3,9,1,7,3,3,6,5,7,6,7,1,7,2,1,3,7,1,7,2,9,4,8
214:3,1,2,9,7,3,9,3,5,9,7,4,8,8,6,2,1,7,2,4,5,6,6,4,5,5,1,2,3,6
215:3,2,5,4,6,5,2,1,1,2,8,9,6,8,5,2,1,8,9,8,3,9,4,1,3,7,5,1,3,4
216:3,6,3,8,4,9,4,5,5,6,2,2,7,1,3,4,9,1,9,4,3,3,5,3,8,3,8,5,8,3
217:5,5,3,2,7,2,1,4,9,6,8,6,4,9,4,4,9,8,4,9,8,9,2,2,7,1,9,5,2,7
218:3,9,9,6,4,6,7,2,8,4,7,8,3,8,3,5,5,2,4,9,2,3,7,5,4,1,1,1,4,3
219:6,6,1,1,5,1,2,4,4,1,6,3,3,2,1,1,4,8,2,5,5,4,4,8,3,7,6,8,3,1
220:1,7,5,3,2,7,3,7,3,8,3,9,5,4,3,8,4,8,2,5,3,8,4,6,7,9,3,5,1,5
221:3,9,3,6,3,8,3,8,5,1,2,5,4,1,3,6,5,7,6,3,1,7,5,9,2,8,6,9,6,5
222:6,4,5,5,2,7,3,4,7,7,1,1,1,7,2,2,1,5,1,7,1,5,6,3,7,2,5,9,7,5
223:9,8,9,4,3,3,9,4,4,1,7,1,5,4,1,4,7,6,9,1,1,7,4,9,2,6,9,9,5,4
224:5,3,5,8,7,8,5,6,6,8,6,4,7,8,6,8,1,3,5,7,1,5,8,5,3,7,6,9,3,7
225:5,3,6,1,9,2,1,8,4,3,1,5,3,4,9,7,2,2,6,6,8,4,4,1,9,9,8,2,7,8
226:4,2,5,8,8,1,2,3,2,9,3,3,9,9,9,8,5,6,5,8,3,2,4,7,4,8,7,6,5,6
227:1,2,1,7,3,5,1,8,9,7,6,3,9,3,3,3,3,4,4,7,9,8,4,9,1,3,6,1,4,5
228:3,7,6,8,9,2,5,8,5,6,5,7,6,9,5,8,1,8,9,8,5,1,8,4,6,5,7,6,3,3
229:3,8,7,3,2,1,7,9,9,8,2,9,9,4,2,6,9,1,9,7,7,8,8,9,1,3,8,1,1,8
230:4,4,7,3,8,1,4,3,4,1,3,6,9,1,8,4,3,4,2,9,8,1,9,3,4,6,8,1,5,2
231:7,4,6,8,2,8,5,9,6,4,1,7,8,2,4,5,6,2,7,6,3,7,9,7,6,3,6,2,2,1
232:8,4,1,1,7,3,7,1,1,7,7,9,1,7,6,8,7,4,4,8,7,4,6,8,1,8,1,5,4,5
233:5,2,4,9,3,6,9,1,9,6,8,5,3,7,2,1,2,5,3,1,6,9,2,9,9,9,4,5,5,9
234:2,2,7,6,8,3,9,8,9,8,1,4,8,6,5,8,9,6,1,8,4,2,6,7,9,9,7,7,4,2
235:5,4,9,4,7,4,9,7,2,5,3,9,9,4,5,4,2,1,6,2,7,3,5,4,8,9,8,5,6,6
236:3,8,8,8,3,6,5,7,2,5,9,2,6,9,8,1,3,1,2,4,1,5,4,1,3,8,8,2,2,1
237:4,7,7,8,3,8,8,6,9,2,3,8,9,2,6,8,9,2,8,3,7,5,3,1,8,4,1,7,8,4
238:7,8,8,9,4,2,6,2,1,4,7,6,3,5,6,8,8,6,5,7,1,7,4,4,7,7,1,1,4,5
239:6,4,1,9,2,4,5,3,2,7,5,9,4,2,9,7,6,4,3,6,1,2,2,8,8,7,1,9,6,4
240:3,6,3,3,5,9,4,5,1,5,2,3,5,7,4,8,7,7,8,9,8,1,1,7,3,7,4,3,2,7
241:3,4,2,7,8,1,2,1,1,4,9,7,7,6,4,5,5,5,1,8,9,4,8,4,4,4,7,2,6,7
242:8,8,8,6,9,5,3,1,4,3,7,3,7,8,3,2,2,2,3,4,5,3,7,8,8,2,7,6,6,1
243:5,8,6,1,7,1,3,3,5,5,3,6,7,4,1,4,7,4,6,7,4,5,1,6,2,2,7,4,2,1
244:8,7,9,8,1,9,4,2,6,3,7,9,4,1,1,1,4,3,9,4,1,1,8,6,9,2,6,2,2,7
245:3,6,2,6,6,4,5,2,3,9,2,2,6,3,5,6,8,2,2,7,1,3,9,8,2,8,5,1,4,1
246:6,1,1,4,5,5,2,9,3,4,3,1,6,5,1,3,6,9,7,3,5,2,7,3,8,7,7,3,8,9
247:4,7,7,8,3,8,8,6,9,2,3,8,9,2,6,8,9,2,8,3,7,5,3,1,8,4,1,7,8,4
248:3,6,5,3,1,9,3,1,6,7,9,9,8,7,2,1,5,2,9,7,4,6,5,9,2,8,7,3,5,4
249:8,8,5,2,2,8,8,2,2,3,4,8,1,2,2,6,9,3,2,5,6,3,4,4,9,1,1,3,3,3
250:1,6,9,7,4,6,8,4,4,5,4,5,6,5,7,2,9,2,3,9,4,2,3,8,7,1,9,7,2,1
251:1,4,6,7,6,4,6,8,9,1,7,2,6,5,5,8,4,9,9,2,2,6,5,9,5,1,7,6,4,9
252:8,7,1,5,9,7,8,2,4,4,9,3,2,9,7,1,1,1,2,3,2,4,4,5,1,5,4,7,5,8
253:5,3,9,4,5,4,4,1,7,7,9,4,9,3,8,3,5,3,5,9,7,3,3,6,2,3,4,9,2,8
254:4,2,5,3,2,8,3,1,4,3,6,8,8,7,5,3,4,5,4,8,8,8,7,7,6,2,2,4,7,5
255:5,1,1,5,9,7,4,7,7,7,1,1,9,5,7,9,2,8,3,4,6,7,8,3,9,8,1,4,3,9
256:2,3,4,1,2,3,7,6,5,7,4,8,6,6,3,6,3,9,2,2,6,4,4,8,9,4,4,5,2,6
257:5,1,2,6,7,5,4,6,5,4,1,2,6,8,7,4,2,6,7,1,6,9,7,1,5,3,1,4,9,9
258:5,8,5,6,3,1,6,3,7,4,9,6,2,3,8,4,2,9,6,1,9,6,6,7,7,8,4,3,8,6
259:1,6,9,4,4,9,3,4,9,2,6,7,5,6,8,3,2,3,8,7,2,9,7,6,3,1,8,5,2,3
260:9,6,2,9,9,4,1,9,3,4,7,5,6,6,3,4,6,8,6,9,5,2,8,3,5,2,4,7,5,6
261:9,6,7,1,7,2,3,2,4,3,6,4,1,6,2,3,5,7,8,3,5,1,7,8,3,9,4,5,6,1
262:7,6,7,5,6,6,9,4,1,3,5,5,9,4,1,3,9,3,7,2,8,6,3,7,4,6,8,4,1,4
263:3,2,4,9,4,5,1,4,4,4,8,5,3,5,7,6,8,6,6,3,9,5,3,9,7,1,4,6,4,4
264:7,2,8,9,4,2,6,2,1,4,7,6,3,5,6,8,8,6,5,7,1,7,4,4,7,7,1,1,4,5
265:7,4,2,9,4,1,8,4,3,1,9,3,1,4,3,8,6,2,8,5,9,7,9,4,5,4,2,9,5,7
266:9,8,4,6,8,2,9,6,5,6,9,1,6,6,3,1,4,4,3,7,5,8,5,7,4,8,4,9,1,6
267:7,3,6,2,2,9,8,1,3,7,7,2,5,1,5,7,7,5,1,7,3,3,3,5,4,2,4,8,2,8
268:6,4,5,5,2,7,3,4,7,7,1,1,1,7,2,2,1,5,1,7,1,5,6,3,7,2,5,9,7,7
269:7,4,8,1,1,9,6,3,5,2,3,3,7,2,1,5,9,9,4,8,3,4,3,9,9,9,1,5,6,5
270:1,9,4,6,5,3,5,8,6,9,5,8,4,4,1,6,3,1,7,8,7,4,9,6,6,1,7,2,6,8
271:2,3,7,1,4,6,7,4,9,2,8,6,6,8,4,9,7,1,2,1,7,5,5,6,4,3,5,7,8,2
272:3,1,3,7,3,9,9,1,1,2,4,2,9,2,8,9,5,4,1,4,2,8,3,3,6,5,5,8,8,8
273:3,3,3,5,5,2,8,4,5,8,8,8,9,9,1,2,4,5,8,2,6,1,3,3,3,4,8,9,1,2
274:9,3,1,8,1,2,3,6,5,4,1,8,5,4,8,9,5,5,8,7,7,6,4,7,5,6,3,4,1,3
275:8,6,8,7,1,6,1,3,1,4,3,7,1,6,6,3,9,6,2,2,9,2,7,3,9,1,8,8,3,5
276:8,6,1,4,7,9,2,2,7,8,3,2,5,1,5,7,6,9,4,3,6,6,3,4,7,2,4,4,3,4
277:9,6,9,3,7,6,4,3,6,1,8,9,3,9,1,6,7,7,4,5,6,8,7,1,8,8,5,2,2,9
278:6,9,8,4,2,5,6,5,1,6,6,3,8,6,5,3,1,7,8,5,9,5,4,3,8,5,1,7,1,1
279:1,2,1,7,8,8,5,1,7,1,5,7,6,6,8,9,3,9,1,8,6,1,6,5,7,7,3,1,3,7
280:6,1,7,4,5,5,2,9,3,4,3,1,6,5,1,3,6,9,7,3,5,2,7,3,8,7,7,3,8,9
281:3,9,3,6,3,8,3,8,5,1,2,5,4,1,3,6,5,7,6,3,1,7,5,9,2,8,6,9,6,5
282:8,4,1,1,7,3,7,1,1,7,7,9,1,7,6,8,5,4,4,8,7,4,6,8,1,8,1,5,4,7
283:5,5,4,9,3,9,3,8,8,2,6,9,1,9,8,5,7,3,4,5,3,3,9,4,2,8,3,5,5,3
284:8,8,3,4,8,6,9,2,2,3,1,5,9,8,2,6,7,6,6,8,9,6,8,5,2,9,5,5,8,4
285:4,1,2,3,2,3,9,6,7,4,6,1,1,5,5,1,1,5,8,3,3,3,7,8,8,1,2,5,2,9
286:7,2,3,5,6,9,1,7,5,9,5,8,2,7,8,5,7,4,6,3,1,6,7,2,6,1,7,6,2,3
287:3,1,8,2,8,3,6,9,2,4,5,9,1,4,3,7,1,3,2,6,2,9,6,2,7,9,7,2,7,6
288:3,3,3,5,5,2,8,4,5,8,8,8,9,9,1,2,2,5,8,2,6,1,3,3,3,4,8,9,1,2
289:7,4,3,3,1,2,9,5,1,1,6,3,3,3,7,9,3,3,8,2,6,4,9,6,1,3,7,4,7,9
290:8,9,8,4,6,9,6,7,9,8,5,7,3,7,9,3,3,2,1,6,1,6,1,6,4,5,2,5,1,4
291:3,6,9,1,1,9,6,7,7,6,6,6,7,4,7,5,9,8,9,1,5,5,5,2,3,7,5,3,9,7
292:1,8,9,8,9,4,9,1,4,8,4,5,7,2,1,8,8,5,4,7,8,3,5,3,9,2,5,3,4,8
293:9,3,2,6,6,1,3,9,3,4,6,1,7,8,8,7,8,1,7,4,8,4,6,1,4,2,2,8,8,9
294:7,3,1,8,7,9,2,7,8,8,3,6,8,9,2,5,2,5,9,3,6,8,9,4,6,5,8,5,2,9
295:9,7,5,8,9,7,5,6,4,7,7,9,3,4,7,2,6,8,5,5,2,8,6,8,7,4,6,1,5,7
296:9,4,7,9,6,6,1,2,5,5,4,6,5,9,7,1,8,1,9,4,6,6,8,8,3,5,3,1,1,5
297:7,1,5,2,5,2,1,4,6,4,9,1,6,5,5,2,1,5,4,2,6,8,7,9,6,2,6,1,9,6
298:4,6,4,6,7,1,7,3,4,1,7,7,1,6,9,7,2,9,6,4,9,3,2,6,2,1,5,3,7,2
299:4,7,7,8,3,8,8,6,9,2,3,8,9,2,6,8,9,2,8,3,7,5,3,1,8,4,1,7,8,4
300:3,2,3,4,2,3,5,5,8,2,3,3,6,5,6,5,2,7,3,6,1,1,4,6,6,3,8,4,3,2
301:6,5,3,5,5,6,3,3,8,7,7,5,1,4,4,7,9,8,2,5,7,7,6,7,5,2,2,7,8,3
302:4,2,3,3,5,2,7,5,1,1,9,8,1,5,6,3,4,2,3,8,1,6,3,2,7,2,4,4,4,7
303:2,3,4,1,2,3,7,6,5,7,4,8,6,6,3,6,3,9,2,2,6,4,4,8,9,4,4,5,2,9
304:2,7,7,3,2,1,5,5,8,8,8,2,6,6,2,5,4,2,3,1,4,8,8,6,8,7,9,4,2,7
305:8,7,1,5,9,7,8,2,4,4,9,3,2,9,7,1,8,1,2,3,2,4,4,5,1,5,4,7,5,8
306:8,9,8,4,6,9,6,7,9,8,5,7,3,7,9,3,3,2,1,6,1,6,1,6,1,5,2,5,1,9
307:2,3,4,1,2,3,7,6,5,7,4,8,6,6,3,6,6,9,2,2,6,4,4,8,9,4,4,5,2,6
308:2,2,4,7,6,6,8,5,9,7,3,7,4,8,5,2,2,3,1,5,5,5,1,7,7,4,3,6,5,8
309:6,4,6,4,9,6,1,8,3,4,7,1,9,6,2,1,3,7,3,2,6,3,5,4,6,9,3,2,7,6
310:9,4,7,9,6,6,1,2,5,5,4,6,5,9,7,1,8,1,9,7,6,6,8,8,3,5,3,1,1,5
311:3,3,3,5,5,2,8,4,5,8,8,8,9,9,1,2,2,5,8,2,6,1,3,3,3,4,8,9,1,3
312:2,1,6,7,3,9,6,2,5,6,5,3,1,5,5,5,3,4,7,2,6,3,5,8,9,6,8,3,4,4
313:4,1,1,6,9,1,5,8,7,6,4,4,9,5,9,5,3,1,8,5,5,5,6,2,1,2,7,3,1,7
314:8,9,2,1,1,9,6,8,5,7,6,4,2,3,2,3,5,8,2,7,3,9,4,6,9,2,2,9,2,6
315:5,3,5,8,7,8,5,6,6,8,6,4,7,8,6,8,1,3,5,7,1,5,8,5,3,7,6,9,3,5
316:7,1,2,8,4,1,9,6,9,5,2,7,5,4,5,8,1,9,6,6,1,8,5,4,4,4,1,9,9,1
317:5,8,1,1,1,2,3,7,1,5,7,1,9,1,9,8,1,4,9,4,5,9,2,6,3,7,4,1,8,9
318:3,9,9,6,4,6,7,2,8,4,7,8,3,8,3,5,5,2,4,9,2,3,7,5,4,1,1,1,4,3
319:5,1,7,1,5,4,9,6,8,2,9,6,5,8,2,2,2,6,1,3,6,5,1,4,3,1,8,2,4,3
320:1,8,9,8,9,4,9,1,4,8,4,5,7,2,1,8,8,5,4,7,8,3,5,3,9,2,5,3,4,3
321:6,7,8,4,4,2,2,8,4,9,4,5,3,1,2,9,2,2,1,4,5,6,9,7,1,6,2,9,3,3
322:9,5,8,7,7,1,5,3,4,9,3,9,7,2,4,1,8,5,8,8,6,1,4,2,2,1,5,2,8,6
323:1,8,8,1,7,7,6,8,4,2,5,4,1,7,2,4,3,7,8,7,9,4,2,2,3,2,5,7,4,7
324:2,5,8,7,6,7,4,7,6,2,9,5,5,7,9,7,6,3,3,1,7,8,8,5,9,4,5,2,2,3
325:1,8,3,9,2,8,7,9,4,7,1,8,7,6,5,6,6,7,1,9,4,9,1,3,5,4,2,2,1,5
326:4,2,5,8,8,1,2,3,2,9,3,3,9,9,9,8,5,6,5,8,3,2,4,7,4,8,7,6,5,6
327:5,2,4,6,6,7,3,6,1,2,7,8,1,8,6,6,4,5,8,8,2,8,8,1,3,9,3,6,8,9
328:2,7,2,1,4,9,9,4,1,8,4,3,1,2,2,5,4,5,2,7,6,3,1,5,6,5,4,7,3,2
329:7,1,9,3,3,4,9,2,2,3,2,7,8,9,6,8,5,8,4,2,7,2,8,8,5,4,9,5,3,8
330:6,1,2,7,4,2,1,2,2,7,7,3,5,5,6,5,7,8,8,5,3,4,7,8,2,1,7,7,9,2
331:6,4,5,5,2,7,3,4,7,7,1,1,1,7,2,2,1,8,1,7,1,5,6,3,7,2,5,9,7,7
332:4,6,1,5,7,7,4,2,1,3,3,8,9,7,7,3,8,9,2,5,4,9,5,4,1,1,8,6,7,1
333:2,8,1,3,8,2,7,6,6,8,2,7,4,3,9,7,8,6,7,8,7,4,3,7,3,2,7,6,5,8
334:4,2,8,1,8,3,7,1,5,4,5,6,4,7,8,1,8,2,3,5,9,6,6,6,5,6,8,8,7,7
335:1,3,4,8,2,9,7,5,1,3,8,4,2,2,2,2,4,7,4,4,2,2,9,3,4,5,9,3,4,6
336:3,5,8,6,2,3,4,4,5,9,8,8,2,9,1,3,7,1,7,1,9,9,2,7,6,5,9,4,4,1
337:5,8,8,3,7,2,8,5,6,7,4,6,2,4,9,6,4,5,6,4,9,3,6,1,5,2,8,7,8,2
338:2,5,4,5,3,3,8,7,8,7,2,2,4,1,7,3,8,4,7,1,4,2,9,7,7,3,5,9,6,1
339:9,9,8,7,3,3,6,1,9,5,3,1,3,8,9,4,2,4,1,1,2,2,7,9,2,1,9,9,7,9
340:9,2,3,7,6,1,3,3,2,6,6,8,4,1,9,8,7,6,6,2,6,1,9,2,9,9,9,3,9,8
341:4,2,8,2,4,7,2,5,1,4,3,4,6,1,3,1,5,9,3,4,8,3,3,4,8,4,1,8,8,1
342:4,3,4,8,3,6,6,2,4,6,3,2,9,4,1,3,2,9,6,7,3,3,1,8,3,3,5,8,6,5
343:9,5,4,5,1,1,4,9,3,5,7,8,3,6,3,8,1,5,3,6,4,9,2,8,3,3,5,7,9,9
344:3,2,4,5,1,1,1,3,8,5,1,9,3,3,9,1,9,1,5,6,6,5,1,2,8,3,3,1,2,8
345:9,5,8,7,7,1,5,3,4,9,3,9,7,7,4,1,8,5,8,8,6,1,4,2,2,1,5,2,8,6
346:2,2,4,7,6,6,8,5,9,7,3,7,9,8,5,2,2,3,1,5,5,5,1,7,7,4,3,6,5,8
347:5,8,3,9,4,8,6,9,6,5,5,6,9,2,7,5,4,3,8,9,9,8,1,3,5,8,7,7,9,4
348:3,4,1,4,2,3,3,7,5,2,8,4,8,8,4,9,6,8,1,7,7,9,6,5,1,6,1,5,7,8
349:2,3,8,9,9,9,4,9,2,8,2,2,6,7,3,3,3,4,5,4,4,7,4,5,4,9,6,2,6,4
350:2,4,5,7,9,7,7,4,1,2,8,7,4,9,7,3,1,3,9,7,9,6,1,3,1,6,1,3,5,6
351:5,7,5,7,8,3,3,4,7,2,9,6,6,3,2,6,5,9,3,3,5,2,5,1,2,8,8,2,6,9
352:1,6,9,4,4,9,3,4,9,2,6,7,5,6,8,3,2,3,8,7,2,9,7,6,3,1,8,5,2,3
353:9,2,1,3,1,3,1,5,4,7,8,8,2,2,7,2,8,1,3,2,4,2,6,9,1,4,6,4,1,9
354:8,9,8,4,6,9,6,7,9,8,5,7,3,7,9,3,3,2,1,6,1,6,1,6,1,5,2,5,1,4
355:6,9,8,4,2,5,6,5,1,6,6,3,8,6,5,3,1,7,8,5,9,5,4,3,8,3,1,7,1,1
356:6,8,9,9,8,6,1,2,8,2,2,5,4,6,1,7,7,8,9,9,5,7,3,5,4,6,9,4,6,3
357:2,3,7,1,4,6,7,4,9,2,8,6,6,8,4,9,7,1,2,1,7,5,5,6,4,3,5,7,8,9
358:1,8,8,6,5,9,8,7,2,8,6,7,6,9,6,2,1,9,4,7,3,4,4,2,9,9,9,8,6,7
359:7,4,8,8,2,1,1,3,7,4,9,3,5,6,2,4,7,9,6,8,1,7,5,2,2,7,9,5,4,4
360:4,5,9,1,5,4,7,1,1,6,8,2,6,7,9,8,7,9,2,2,7,8,5,7,8,5,7,7,2,3
361:2,1,6,7,3,9,6,2,5,6,5,3,1,5,5,5,3,4,7,2,6,3,5,8,9,6,8,3,4,1
362:7,4,4,9,9,4,2,4,8,5,4,1,1,8,2,7,3,9,7,6,3,8,5,8,1,2,2,6,7,1
363:5,9,1,3,7,7,4,8,1,2,1,7,8,2,4,7,1,9,8,1,4,1,1,2,8,6,5,1,6,8
364:6,5,7,7,3,7,7,1,7,4,4,2,6,7,7,5,5,1,3,3,7,9,2,1,9,7,8,1,9,4
365:8,2,4,9,4,5,1,4,4,4,8,5,3,5,7,6,8,6,6,3,9,5,3,9,7,1,4,6,4,4
366:7,7,3,4,7,4,1,3,6,9,2,6,9,6,4,3,8,9,9,9,5,5,2,5,4,3,4,9,4,6
367:3,2,1,7,5,6,6,4,3,7,4,7,4,6,5,5,6,2,4,5,3,9,7,2,1,3,4,9,9,4
368:4,4,7,3,7,3,9,5,5,5,6,5,4,6,9,9,8,8,2,4,4,3,4,6,5,3,9,1,1,2
369:8,5,7,5,7,7,6,6,7,5,6,7,6,5,9,9,2,4,1,9,2,9,3,7,1,5,8,9,1,7
370:1,4,9,5,6,1,8,9,4,1,6,7,2,1,8,4,7,5,7,5,3,4,8,2,6,8,1,1,6,9
371:3,2,3,5,6,9,1,7,5,9,5,8,2,7,8,5,7,4,6,3,1,6,7,2,6,1,7,6,2,1
372:4,7,9,5,3,5,2,7,7,2,3,7,1,2,6,1,7,7,8,7,5,9,2,9,8,3,1,1,7,5
373:3,3,8,4,4,8,1,9,2,7,1,8,3,1,3,4,3,8,9,1,3,7,8,7,6,9,4,2,8,6
374:3,1,8,5,2,9,7,9,1,7,3,6,3,5,3,9,8,1,9,6,6,4,2,6,6,2,9,9,7,6
375:2,7,8,5,3,2,7,4,6,3,3,6,7,2,1,3,3,3,8,1,2,9,2,8,7,3,6,7,4,3
376:3,9,4,2,8,3,5,1,8,2,1,8,2,2,8,7,9,8,9,7,9,1,3,6,9,5,5,2,6,2
377:6,9,3,9,1,8,7,8,7,6,3,5,2,7,6,7,2,3,1,4,1,5,5,2,7,2,9,8,8,9
378:8,8,8,6,9,5,3,1,4,3,7,3,7,8,3,2,2,2,3,4,5,3,7,8,8,2,7,6,6,1
379:3,3,4,5,8,2,8,8,8,8,8,4,9,9,7,7,6,2,5,9,2,1,1,4,5,8,1,9,5,5
380:7,1,4,5,9,5,9,5,3,6,8,1,8,7,7,5,6,4,4,2,6,1,5,1,1,1,2,2,6,7
381:8,6,4,1,5,5,7,4,7,2,3,7,9,2,9,3,5,2,5,2,2,2,4,8,7,2,8,9,2,9
382:3,4,9,9,3,8,1,5,9,7,4,1,3,6,4,5,6,8,3,2,3,8,6,7,4,3,8,6,2,2
383:2,5,4,5,3,3,8,7,8,7,2,2,4,1,7,3,8,4,7,6,4,2,9,7,7,3,5,9,6,1
384:7,1,8,4,9,2,3,7,9,3,2,2,5,1,4,8,3,5,3,8,9,3,8,5,2,7,7,2,7,8
385:3,8,2,8,3,8,3,8,7,8,4,2,7,2,7,4,7,6,2,2,7,8,4,7,3,8,4,1,6,7
386:8,3,3,6,9,5,5,2,1,7,1,6,8,6,3,6,9,6,7,8,1,2,5,2,3,6,9,5,1,5
387:5,8,3,4,4,8,4,1,9,3,1,4,2,5,1,3,4,8,3,4,5,3,5,7,1,1,6,6,1,4
388:4,8,1,1,5,1,6,5,7,9,8,5,7,3,3,9,9,9,7,6,5,2,6,6,9,3,9,9,6,2
389:1,2,7,5,8,7,6,3,9,6,6,6,3,4,9,4,2,5,5,7,6,3,9,4,6,6,5,5,2,6
390:1,2,1,7,1,8,5,1,7,1,5,7,6,6,8,9,3,9,1,8,6,1,6,5,7,7,3,1,3,7
391:8,9,2,1,1,9,6,8,5,7,6,4,2,3,2,3,5,8,2,7,3,9,4,6,9,2,2,9,2,4
392:1,4,3,7,2,6,1,4,5,1,8,8,2,9,8,1,7,6,8,9,6,5,8,3,5,6,4,7,3,5
393:4,5,8,1,8,8,9,8,8,2,5,9,1,9,9,6,2,5,7,9,2,6,9,2,8,9,9,4,8,4
394:4,2,3,3,5,2,5,5,1,1,9,8,1,5,6,3,4,2,3,8,1,6,3,2,7,2,4,4,4,7
395:9,6,8,1,3,8,5,3,2,6,2,2,4,2,7,4,6,4,4,2,9,6,1,3,8,3,5,9,3,4
396:6,6,7,4,5,7,2,1,2,2,5,4,8,6,5,7,3,2,4,7,9,9,7,9,7,7,4,2,3,3
397:1,4,3,6,8,7,3,8,5,4,6,3,2,2,8,6,1,6,9,9,7,8,1,6,2,7,7,3,7,2
398:3,2,5,4,6,5,2,1,1,2,8,9,6,8,5,2,1,8,9,8,3,9,4,1,3,7,5,1,3,3
399:1,9,2,4,7,8,1,2,2,5,9,9,7,4,8,6,9,3,1,6,1,2,1,5,5,4,5,5,4,6
400:4,4,9,5,7,5,2,7,5,4,2,7,7,4,5,8,9,9,1,3,6,2,8,3,3,4,7,2,1,7
401:6,9,4,7,5,4,9,3,7,3,5,7,5,8,3,4,3,2,2,3,4,1,6,8,1,9,6,6,7,1
402:1,6,5,8,2,1,9,4,5,1,8,6,1,2,4,4,7,8,4,1,6,6,4,8,8,6,7,6,4,3
403:7,4,6,5,4,2,6,8,4,6,6,1,2,8,4,9,1,5,9,7,7,9,7,7,6,7,2,4,4,5
404:4,2,6,8,8,5,9,4,2,3,4,1,9,3,3,5,6,3,5,7,2,6,9,1,4,9,3,2,3,1
405:8,6,6,2,1,7,9,7,5,2,7,4,5,4,3,7,3,6,6,7,2,2,4,2,3,9,8,6,1,8
406:6,7,7,1,6,7,4,6,2,9,4,2,2,3,3,5,6,1,8,7,7,5,6,5,3,4,6,9,8,1
407:3,6,2,2,4,7,2,5,8,8,2,4,4,1,1,9,5,4,6,4,6,6,4,4,3,3,9,1,4,4
408:3,6,5,8,4,9,7,1,5,7,3,3,2,5,6,8,5,8,8,5,4,8,5,3,2,3,8,9,5,2
409:7,4,3,3,1,2,9,5,1,1,6,3,3,3,7,9,3,3,8,6,6,4,9,6,1,3,7,4,7,9
410:3,7,8,1,9,9,1,1,9,4,9,4,1,5,2,3,9,7,6,5,5,5,2,1,1,9,2,9,6,8
411:3,8,2,9,9,9,2,3,7,3,1,7,4,6,7,8,3,4,3,7,6,8,4,8,9,9,6,4,8,7
412:2,7,7,3,2,1,5,5,8,8,8,2,6,6,2,5,4,2,3,1,4,8,8,6,8,7,9,4,2,2
413:3,9,8,5,1,2,5,7,1,9,9,6,9,6,8,9,1,6,1,4,4,7,3,7,9,4,3,7,4,3
414:4,1,2,4,1,5,1,5,8,9,4,8,6,7,1,7,8,6,3,9,4,5,8,2,4,4,9,8,2,8
415:2,2,9,6,5,2,3,1,9,4,2,6,3,7,4,6,4,3,4,2,2,2,9,5,7,7,2,6,2,6
416:6,9,3,9,1,8,7,8,7,6,3,5,2,7,6,7,2,3,1,4,1,5,5,2,7,2,9,8,8,9
417:2,7,9,1,7,1,9,8,6,3,3,2,3,1,6,3,5,3,4,4,8,6,1,3,7,6,4,6,1,3
418:4,4,9,5,7,5,2,7,5,4,2,7,7,4,5,8,9,9,1,3,6,2,8,3,3,4,7,2,1,3
419:5,5,8,3,6,3,5,4,4,3,1,7,4,4,6,4,2,1,3,6,8,5,3,6,5,6,5,7,7,9
420:7,4,8,8,2,1,1,3,7,4,9,3,5,6,2,4,7,9,6,8,1,7,5,2,2,7,9,5,4,9
421:8,3,3,6,9,5,5,2,1,7,1,6,8,6,3,6,9,6,7,8,1,2,5,2,3,6,9,5,1,5
422:2,5,4,5,7,7,2,2,1,2,5,3,5,6,2,5,8,1,1,2,3,8,8,2,8,1,1,3,7,9
423:7,1,6,4,9,2,3,7,9,3,2,2,5,1,4,8,3,5,3,8,9,3,8,5,2,7,7,2,7,9
424:7,8,2,7,1,6,4,6,4,5,6,6,8,4,2,6,1,8,9,5,8,9,5,3,6,1,8,2,6,6
425:1,3,8,7,2,8,9,3,9,9,9,7,1,1,4,9,6,8,4,2,3,1,3,4,4,2,2,4,6,1
426:1,6,9,7,8,5,8,7,1,3,6,9,7,6,5,8,2,7,1,5,4,1,5,5,4,9,1,2,8,2
427:9,9,1,3,8,9,8,9,5,6,4,3,1,4,3,1,5,6,6,4,5,7,7,6,2,1,2,5,2,5
428:3,8,2,8,3,8,3,8,7,8,4,2,7,2,7,4,7,6,2,2,7,8,4,7,3,8,4,1,6,7
429:4,9,1,9,2,4,2,6,6,8,5,6,3,8,6,7,4,2,9,4,5,6,1,8,2,2,6,3,3,7
430:8,1,6,4,6,6,2,7,8,4,8,7,4,4,6,2,7,1,3,4,4,5,5,6,4,6,7,6,1,4
431:3,1,8,2,8,3,6,9,2,4,5,9,1,4,3,7,1,3,2,6,2,9,6,2,7,9,7,2,7,9
432:3,5,8,6,2,3,4,4,5,9,8,8,2,9,1,3,7,1,7,1,9,9,2,7,6,5,9,4,4,1
433:4,7,8,4,6,3,5,1,7,2,1,5,3,2,3,2,2,7,2,8,3,8,9,5,5,5,8,4,5,5
434:1,2,1,7,3,5,1,8,9,7,6,3,9,3,3,3,3,4,4,7,9,8,4,9,1,3,2,1,4,5
435:3,9,3,6,3,8,3,8,5,1,2,5,4,1,3,6,5,7,6,3,1,7,5,9,2,8,6,9,6,6
436:3,7,4,5,6,5,1,2,1,5,3,1,3,2,8,3,7,7,8,1,8,6,4,7,9,7,8,2,1,6
437:8,4,1,1,7,3,7,1,1,7,7,9,1,7,6,8,7,4,4,8,7,4,6,8,1,8,1,5,4,7
438:5,1,7,1,5,4,9,6,8,2,9,6,5,8,2,2,2,6,1,3,6,5,1,4,3,1,8,2,4,6
439:1,6,9,7,8,5,8,7,4,3,6,9,7,6,5,8,2,7,1,5,4,1,5,5,4,9,1,2,8,1
440:2,3,2,6,9,8,9,9,3,5,1,3,3,1,3,3,3,4,5,1,7,9,7,5,2,4,5,5,6,6
441:5,8,3,9,4,8,6,9,6,5,5,6,9,2,7,5,4,3,8,9,9,8,1,3,5,8,7,7,9,6
442:2,1,5,6,1,2,2,4,1,9,7,2,3,7,3,6,5,6,7,8,9,1,1,1,8,3,3,7,2,2
443:7,4,2,9,4,1,8,4,3,1,9,3,1,4,3,8,6,2,8,8,9,7,9,4,5,4,2,9,5,7
444:8,9,9,1,9,4,8,4,7,2,6,3,4,3,4,8,3,7,8,9,7,1,6,4,6,6,3,4,5,8
445:4,2,5,3,2,8,3,1,4,3,6,8,8,7,5,3,4,5,4,8,8,8,9,7,6,2,2,4,7,2
446:5,8,8,5,7,6,3,4,5,7,4,9,1,8,7,9,9,8,1,5,4,4,5,8,7,3,4,4,3,8
447:3,3,4,5,8,2,8,8,8,8,8,4,9,9,7,7,6,2,5,9,2,1,1,4,5,8,1,9,5,8
448:1,6,2,3,1,3,5,5,5,3,6,2,8,2,4,4,9,7,7,1,1,8,6,2,9,2,7,5,4,2
449:1,9,6,2,9,2,9,5,2,7,6,8,8,9,5,1,3,2,1,8,2,3,8,4,4,9,4,2,1,3
450:2,4,5,6,3,1,9,5,8,3,9,1,4,4,6,8,1,4,2,9,3,4,4,1,4,5,5,7,5,1
451:9,5,4,5,1,8,4,9,3,5,7,8,3,6,3,8,1,5,3,6,4,9,2,8,3,3,5,7,9,9
452:6,6,1,1,5,1,2,4,4,1,6,3,3,2,1,1,4,8,2,5,5,4,4,8,3,7,6,8,3,7
453:8,8,8,6,9,5,3,1,4,3,7,3,7,8,3,2,2,2,3,4,5,3,7,8,8,2,7,6,6,1
454:5,3,8,3,6,1,4,9,9,3,6,7,2,9,3,1,1,3,5,5,6,8,9,6,4,7,8,6,8,7
455:2,5,9,4,7,8,9,7,3,9,5,6,6,5,4,8,9,2,6,1,3,2,5,6,8,9,3,5,8,3
456:7,7,9,9,5,4,2,5,9,1,8,2,4,1,1,3,5,1,4,9,7,1,6,8,9,3,6,9,6,8
457:7,8,5,6,7,4,2,1,8,6,5,1,8,9,2,5,6,3,9,8,2,9,7,8,6,8,1,5,6,1
458:3,2,4,9,4,5,1,4,4,4,8,5,3,5,7,6,8,6,6,3,9,5,3,9,7,1,4,6,4,2
459:3,6,1,6,9,2,9,1,5,6,4,3,2,5,9,1,5,2,8,2,9,5,8,9,1,3,9,4,8,3
460:9,6,3,8,1,5,7,5,8,2,9,1,5,2,9,5,7,6,2,4,9,3,7,7,3,2,2,5,9,8
461:8,8,3,4,8,6,9,2,2,3,7,5,9,8,2,6,7,6,6,8,9,6,8,5,2,9,5,5,8,4
462:9,6,5,7,9,7,4,8,2,8,6,3,1,6,2,2,1,6,8,3,2,5,1,2,8,7,3,5,7,9
463:7,4,2,9,7,8,8,4,3,4,1,9,8,4,5,7,8,4,2,2,9,6,5,1,4,1,5,6,1,2
464:8,9,9,1,9,4,8,4,7,2,6,3,4,3,4,8,3,7,8,9,7,1,6,4,6,6,3,4,5,9
465:2,1,4,9,4,2,1,7,1,4,9,5,8,7,1,3,3,5,1,7,2,1,1,4,3,3,6,8,4,1
466:9,6,8,7,3,3,6,1,9,5,3,1,3,8,9,4,2,4,1,1,2,2,7,9,2,1,9,9,7,1
467:5,3,3,1,7,8,5,8,6,1,6,8,6,5,9,3,1,8,1,7,7,5,7,2,9,7,2,9,3,6
468:3,4,1,6,4,3,9,9,8,8,8,1,6,3,5,7,6,9,3,9,5,9,8,2,4,7,5,1,6,8
469:5,9,5,9,7,7,3,8,5,9,2,7,1,9,5,9,8,5,8,4,4,4,9,5,4,2,9,3,6,7
470:1,5,3,5,8,8,4,9,2,6,7,5,6,9,6,8,5,5,9,6,3,1,5,9,8,5,2,8,2,5
471:3,6,5,3,1,9,3,1,6,7,9,9,8,7,2,1,5,6,9,7,4,6,5,9,2,8,7,3,5,4
472:5,3,3,1,7,8,5,8,6,1,6,8,6,5,9,3,1,8,1,7,7,5,7,2,9,7,2,9,3,6
473:3,2,2,8,5,5,4,6,1,3,4,4,8,2,9,4,1,7,5,9,5,9,3,2,3,5,6,6,8,6
474:3,6,9,1,1,9,6,7,7,6,6,6,7,4,7,5,9,5,9,1,5,5,5,2,3,7,5,3,9,6
475:2,4,5,7,9,7,7,4,1,2,8,7,4,9,7,3,1,3,9,7,9,6,1,3,1,6,1,3,5,7
476:3,1,5,2,5,6,3,4,9,3,1,1,6,7,7,7,3,9,7,6,4,4,8,9,6,7,9,9,6,9
477:6,8,7,4,9,6,4,2,4,6,5,9,5,2,3,3,9,7,7,3,6,1,3,9,7,5,8,6,7,4
478:7,3,5,9,6,9,4,9,5,9,3,2,3,6,4,1,8,8,3,7,6,3,8,4,8,6,4,2,3,9
479:2,4,9,1,1,1,1,2,6,9,6,2,2,6,4,3,3,8,9,1,3,9,6,3,8,2,8,9,9,7
480:3,1,8,8,2,8,3,3,6,9,1,9,6,8,8,7,9,8,7,7,1,1,8,6,1,4,2,1,4,8
481:4,1,2,6,1,9,6,6,5,3,6,7,5,2,2,9,1,6,4,4,2,8,5,8,9,7,5,6,5,9
482:4,8,8,5,7,6,3,4,5,7,4,9,1,8,7,9,9,8,1,5,4,4,5,8,7,3,4,4,3,1
483:9,6,8,7,4,9,3,6,6,6,2,3,2,5,6,8,1,2,9,4,1,7,4,8,4,9,3,4,9,6
484:4,7,8,2,4,5,9,9,7,4,3,4,8,2,6,6,1,5,8,3,6,6,5,8,3,6,2,4,9,8
485:4,1,1,6,9,1,5,8,7,6,4,4,9,5,9,5,3,1,8,5,5,5,6,2,1,2,7,3,1,3
486:7,8,2,3,5,6,8,8,1,1,1,9,1,4,7,6,5,5,3,8,6,5,9,8,9,8,8,6,9,7
487:3,6,5,3,1,9,3,1,6,7,9,9,8,7,2,1,5,6,9,7,4,6,5,9,2,8,7,3,5,2
488:3,1,2,9,7,3,9,3,5,9,7,4,8,8,6,2,1,7,2,4,5,6,6,4,5,5,1,2,6,6
489:2,9,1,2,1,9,3,4,9,6,3,3,6,1,2,7,2,7,8,1,8,7,8,4,6,4,8,8,6,7
490:2,8,1,8,5,3,6,2,3,3,8,2,1,6,3,9,5,3,8,8,5,7,9,7,6,7,5,2,4,4
491:9,4,7,9,6,6,1,2,5,5,4,6,5,9,7,1,8,1,9,7,6,6,8,8,3,5,3,1,1,6
492:4,2,8,2,4,7,2,5,1,4,3,4,6,3,3,1,5,9,3,4,8,3,3,4,8,4,1,8,8,1
493:1,9,4,6,5,3,5,8,6,9,5,8,1,4,1,6,3,1,7,8,7,4,9,6,6,1,7,2,6,4
494:6,5,1,2,4,9,1,6,6,5,1,7,7,7,7,4,4,5,7,1,4,8,4,3,7,6,8,9,9,4
495:9,3,2,6,6,1,3,9,3,4,6,1,7,8,8,7,8,1,7,4,8,4,6,1,4,2,2,8,8,9
496:9,9,1,3,8,9,8,9,5,6,4,3,1,3,3,1,5,6,6,4,5,7,7,6,2,1,2,5,2,5
497:9,9,1,3,8,9,8,9,5,6,4,3,1,4,3,1,5,6,6,4,5,7,7,6,2,1,2,5,2,5
498:7,7,3,4,7,4,1,3,6,9,2,6,9,6,4,3,8,9,9,9,5,5,2,5,4,3,4,9,4,8
499:5,8,8,5,7,6,3,4,5,7,4,9,1,8,7,9,9,8,1,5,4,4,5,8,7,3,4,4,3,1
500:7,4,4,9,9,4,2,4,8,5,8,1,1,8,2,7,3,9,7,6,3,8,5,8,1,2,2,6,7,4