7953432986235659581412673566683682255821111568736847487423496212795724573612962221147953679398127231351463175947418249496264851274198379465376665554575846573877883776769771349766922293193285341273789165
2271384138485637667512296935985664771111111118242783911111111111144197612799361312574247496146816411111155329731621926549969179556111111111116323819651711111111466832174361715638975155278321111111111535
6825111111111845864771111111983743911115717311839615611112111111111189632111111126524758986383831119698115955211111118812974542111143676928763692216511168415811143925111112888511111347877111126238115864
8611111111111116182341116623125115111615323226794615681811184299111148758121111142869373932416113114796134815331967219216891481117914748994273166557111653417451135811191567844743811148489115423711273572
3411146828189511198156112595755484421196675767341518596171116381381159389121923112914861256797383186456671468512968519524184511433238482511115768991711414611911171177383824844611117422513711313969183477
6411235468235125112584991112823389135111912123584439664882511189361178496111295552233819252527184111382411799815992611197167515293281111723412675717722788599611429114561124663392262847481589117125889414
8211144311211117111936143316686887337468388925245879495513113854221132959511194683743214466111838811821195436275548416166852511111111583411111845411241111111114343251111111333511856341912866125198987842
3641111111111111122325122659752675446471697784229111111111276459411983932611118329123165442168997296114851752994463311849181751111151111117111741518157992341111925336258992411169684352597111124295328545
9765111111869541196777169461111111123845658349111111111111118965799975849951211629811317731112493227112568358111167691297151222165145751151816824414341863443459945597318821111113184184966111431111824212
1142792633674739987933817511222222114416881611111195699791111151981871111111111111115915433166475718444954511122198872111756661441119911697373949249631118114546714622111111835821456366411519594811954727
5985435687958381113391977112111111111197236111197883234571969864971111112215571911948975759211287221565363111222165532142137878111192311486161965152211191187161417151111666833878352691144946224515197357
9767229826932111111112234212194576557167651119214922899183627334511111612215925546445111936932551694979311111232165114928798611122113317859131512949318675316814413611937979717772199211721442427228138796
9772856352819118831321133511114588227135366111751297511111431684111588112213267538511121136935628916111111231232134678336111112222112518432639113525219695724794811581331461291614422215533536828939119688
8937111114681811436574897129111132851118362611111111119299229661113872812112264731112221251837911111111289211222111111111111112332118111216181476884511321423412116365111125212692367219736119918116119889
5991111111185665541816156766151111938267791514251616873928545992194371111118661111222321264111111176247426112111111111111734712322173118568125914389722111136372185824658762681993731114118116493242138378
2451191398116332161295294353668765879554163426586161111111456288146621111859911122233321321111914775753451111154556833454851112221132611115561473586441571111111176712922576452713222716749711842961646219
3911117722911822725719171119433558621598155379197111111111111677147181117831112223333221111221111111111111117759311112112711222211844691975472911153469928528115348841179995115865343112636971116111348341
2411656551345116963286111211112343211111111157941111924681121548162411956711222322222211111111111122111221282854711326221112232119323839144721112129291795191781968455451111931111384531316489711138596147
2411762649854111112831121111119671112111112118451213571631111248384821841112222221111114383746172111111121111153522758111112332154837824941111222158811111111186714353119155255911951921482528818123252585
4611183776524219686411121954111811121178811211441111911315911544222532111122211111565311225827467533125111112111122591535712222111111111111122222135911652911119233591987489951113713423711552792564341933
6371115291117426772999111945317523121481761213769111149371644749933611122211111497862778423577349173262745111112111166911111111111112211111223221198211323552411517726868346934531452431573418932388627297
9711116111627882653492111168252843111185571118568661111512492398311112221115442826248111111111111111151846288711122111111111519139611113431232211684381169359331175355818134629351883933775866111111114456
3757111117317425317343197111622954612146533179544168451111149125811222111465947721111194127267911111111111293423112222169199667969337455411232118316911774875451621534414715111113279252227781116497611423
9149721761142211111118783617111848311113831789531734852259691971112221134772355116577569727332881368944711112917811122113473461111126193112222188893225663636521147783591111111872131642315616326486971739
8976658345759111111111179378542798661711178965311111111129534111222211911238541538454831362111152459458216115353755112211196762972775811122211188834812638164421572791111429578611556993259813911529111752
3868956258271111921471132312215194982765639235111111111111619612222111377364518835211161111111176669411111186941661811221115685961111112221118852579335534247217151791188729641951661717218419871631437435
2671866161961113783218163374111111111279847541121853181217776112221152348372873558319111221113332911189242121349339341122211242421111222111641722161115886286455641576116311115954211111283751194395587362
3296551942286111765195545121111121111111138396121321551112651122211217311713916512571122221335451128865224541111116534112221732197151111171191476211921153918497119329211111192452192341115577319829166436
4747514619496311113783472998118479334111129237121125561186361223218152111946116957811223321155976496661167331192111417411221117883926115971621366811973911891788968577887638592941146323811258283589997252
3163172861573167911116948971111154175231113134112168111152111233215699111141369487812233322114149931511398411835548478711222211168523111543484214311394671194293585911111385915514218193116338822111111182
5344116153526721675722192421111111553216145378711118311346712233213374257375814327312233332211111111111181511218371848261123222111111111115511868916131924134431491155571112523312695641157429171956311135
1391112241112975692671116868249611111197962657841191511972612333218572732425926336111223333222222222221129311725536276721123332222222222211193357281416892112628111475925111188287221116821519219355171162
1511156131214365171111115311643731563632646485667673911853612333215561114931452665391122223333333222111111111317621114634123322222222211111989141191489393513751118622817711168824987447497637749926911455
5471116751217174811116422647359199187551119955893482561969812222211111111111873335265111122222222211181112216284943111529123321111111114732237587499947962416162991121174111316754617853551347462227852149
5451115191113394111912576512493541111111211111178932381362912211119678763511112919943998111221111114195412211487425611132123321348286685421266699672146539112263177584111121552889971111111897978651431334
2681181111172151116431888113461111222222222222111111955616112112835526356352111195588753911111395147661112221817161711245123321161347695911111111131411921154161472337687938127111111411111117674655989917
2517118111772498111138111199711222222111111122222111521463111117611129619499461111346761271811146111122912221154943411828123322199581345441488763118425111165749317629227193625118398611658116498589359272
7239511113587933211111119694112222111194956111122221111911117471111548613619418211117198867496121194982511111494296211377123332111354645262169445211791564482872111111117322821181689156361118663111138477
7429217512417786737743232981122221116588624655111122211112211111125138112972894325111117289725165146111111111587885113944123432221165974998177448611195617839111111836511157921219634951111732761164111862
1814322634111914274162656811223211962811111122148111122222218567883513117211165886911111111111111111111119811669441197877123433322115262421518391149933768854191794612211143511346911111448982261551231195
2537345221141611268152354411233212877113756139765585111122211919793965113335947141559451221111111111132879119589311497421123332222211733954251119873379417429169735194111764291914525443978244315152621156
8857724991389411759994635511223215891468663319475217277111111111911114714636618962758111211669125263357661112129118667911222222111111113764313271333911151864117929211147265662647143111111314251867111271
4323838311454811188118589821122211112321111111113914394684116178535113173683764341111121112548149567667511111881143764812232111144744352717795451111112111391111936329463743462433111117311118386933764783
7369397411811111819129869217112221182451122222111148846836581221151727615269111111221111242324518379876141176111275939112332126155843311111111181774122221111961174115468927286216511762875114418123721852
5269344611112112921136371817411222111156111122222111182169949813734621111111122222111124314944718244486661135318557472122332172548667111142331113513123322211115611174781111111172112815881174812471692415
8497815682111195131112771991441112211138981111122222111111111111111111122222222332197172388341111159221911738698217211123332191616231114258411181671123333222113573736111111111111411784831534636511124296
9716211879286511531599111172754511111111114295111112222222222222222221111111112232111111111111113613423811843252829112223432111793622159429112317811223333332211698671166333279116941113147817531113111629
6819821148833741481295711117655657551111111369661411111111222111111111675458111222222222221111923833111114491473919122333332221431798764191112672112222222333221155811757493941111362441111361111146571195
4198131146641815441141111194145477226227618721645764957661111166239452884933311123333222111871111411115711186756111122222222221899185127113759311122221112343322117511195482111186358974227276413833351674
8996793116253138951111118161111111858529316132815183711286274711111111998649351123322211155288551112769911511271112211111111111146217811168632911222211812333332212111645121116784143111116695739272211382
1213448112275711589911118241111111145365311111112236549661168692475611526791991122221114114566111643211178791611122112762988445583514122214925112222117112222223211241559818492511111111111197927141236154
9416964111417751158258242311881481116111511111111869481879745997883115926571111222111166299911136151111251723112211122637343838323223546985811122211147712111123211295336271929111119755181881281344244899
8811429111492845112311627113328511114477611776611199143211111826391126961111222111128125951116927117794187731122119531886511111134576282541112222113864111181123221456725846921111989566233552182473474511
6751196114224116116949579165153912148294511836811166581118549588111773111222211169231882814172411647613546111211178281336751111879523241111222211182418111791123321856491731581117225792173251395111123752
8723111178813111111362811883338211133987599157561588111851533111332811122221117515391111736732117621197621122118127911711114323774171111222221113932371114367123321867611711159111137227151634311191111899
5276554813614511115185711739753111464111111387429695112451361191351112222111976765647111114141576115516111221174152666175258388111111222221111691114941113193123321531677112162531111111182772115273521172
5775992327717751767134375382641193166111111949221241146591115858111222211162959797793612211621111567711122221166817522597111111122222221111811431889211136771123321972611122111319576361563163117425191187
9481444816738534929428674887966415191198411175595691195111854621122221112437552535563112119293515321112222221111111111111122222222211111925267116676111151181223321611112222217974444726188715167996131161
2712627442778691565712346631474911341528812118949427111444757211222211117225181499726121163715122611111111222222222222222222211111111991883761139211111181321233321111222333211277611111113745113121391153
2642111995121847918795579939414228991768612117813438391128261112221119544715777685111111667635111111867951222222222211111111115287361625911115966111118633511234322222222223221384111664561936649573111195
4743781989119168815471181111111476876628911175146419138234411222211943481135355447121119556211111782573111221111111111183173645678567426123188861111785882112234333222111123321156116433611124712275869535
6115631199121148811626181211341135519947111455818641516298112222113874111778714611111323321111114846111111111746623757665674111111111658454681111111582111122333322211132123322129112561952265651144666846
5212851183149114431131774448491165284537416829134511146641122221189681154952193711167583811178414111111118468432166243991111111111111111875111117134991112223322221113562123332114118513729187383449131556
4713371175116518821145718995711193226914463831145544177111222211994211959311853111385451111359641121116863366785347111754163154459112218311112837149111222333221111736988123432162911166846236594611116881
6161911431117816655111346151115648934197683111127688157712232113715113128117581123943511116831111111642221891868671111811212473945712114759429246831111112332211798266137123432157454819443946998418311249
8859119848611115393599111111345892151818316911715171128112322192371194511111111124961811178141121139741987411791911198314217371777111154929362376111119512322119215671175123432193321181497881737166531473
7654846962711131927912868983517381314911279411547391668122321172951914111946345431138111656611211328961121213238113776714483587111111268557687871119855112221144116711111123432148655741111191824135441165
2299625522624761654168939589788611117641174611798819448123321188712698114799114112676111114112216721119745114171192721446151111111652535639142111184911122211834111671193123332177121118436861111623373211
6827185978847392416695111593364111445171773661111148481123321251371728118218674211641116497122117915111151167111691138611111111124183848425111111469611222116768311571113123322111711723338411113851617819
8671392911681663611567877511147411496111744369129185161223321631317177112683712116551214951122185831126821486311935125976886111145242498711111118122112221181316411181581123321159114152518311156168727122
4811562111366587381121116691846911111139238441638192561233321331227665111766471114431217381222162371156721167414948911739922621119111111111185229411122211329316612111471223221449114967671116578256443132
1841261145378534766111144211543741275717958116773651511234321386111111711125111187241213311122159691163151756618792631463726211111111111234725192112222112461833111111741233211798911938786831549111111976
3781111124611493151211111117591442225821241131192561221234321483881117477111117825491118425122115874113641136215546366492461111431223618511181141122221131146311167611111232213935111226848143111217111439
7677916778711371158575718616629895983548721121511944751233321689915118689113281198182114237112217889311692128219661111111111186856741111164579111222111979118411699147412232112693891119313311495915111684
8926616421111858145798416898761961236715211127911649211223321933811118325322553117182111353311211934441111195512531111111245356129115971819111122221197451577311186992112322134431941314473119987661917268
4371887151139551183665173161273581137219939119191139741123321291111117111111111113625911162111121135491311699516435864396179457138751946111112222111542219544151116291122221151141111494661182262915736217
7152525611126311812868111831165991116818277111111118312123321194118219411964411711365691119471112113166753421118356929111111625789674238111222211162543425811111194511222211623111111171811638563834734665
5111191486111111559798916229171411116862581541486157878123322111111492813517777246112399111713411111113758462381914111115891178351231111122221114648626533111174341112222118761117537113111572752441928897
5314618336115741889472511568411111954871648943329129811122332118511155471685255396111738491111723122211114126558122681332492379911111122222111167591158414866197771122221119421158491911771111111177596619
1114371393986732913845615432262551964152111182111111239112222211611114663341111617111212814211111123222211111266138816136551111111222222111131417849111324918491111222211618821181846921599171546834111662
1153167337488641178964112835824237771555334597438661118611122221314166549863711863411199834626111122222222221111111111111111222222222111173261631713811548755191122221116464828113826331134813876111461371
1111723111964641188611118757813262111178328435638973118237112221111329992482911196491111249191789111111122222222222222222222222111111183617175111182811847134111222111986369995119817141185271178717131133
5367657175177968111113136777614814561116236571621111183358611222111843118853461111314141116271959435857111111111112221112111111192691755145411111134511253611122222115176948111113531111161815534184981192
7224761988913741911335742142436941584111111111111195459152131122221139111135419111117432114159111116885391771999711111411171235551353657711111119243118511112222211114551111111761976211463574523899761194
9152141688354111621215151234596418159354255136393565491932522112222111122111281551111111117576126971111111111219156775391511111113568311112111573134923111222221115219111666111375317724415221528472911326
7492251161977171111389861192851195314437111784256222461117986611122222222221111951294111122572538579899691221783411111111111933717111112211121294528111122222111387311545721179611831356871431198615811862
4982516118812711821687832111111811818566111245967111114211282845111222333322221111127394524742111111111111111459146971111215865611112211115588361111122222211136682152673726572611413671636352164841192951
9427179211196897752451218451178129811111111199851768171111847678821112222333322221111127743434955111111111346855699915478881111112222213766311111222222221112369511698827391637247111111142669111111611877
2566111253547966151111111429361528135786311551315565997879576111232511112234333322222111111149891779374336944711422711111111222222333211111112222232211111783281111111134513737111111464876342412699986987
7537111882929329411544223514421599233453349294919819289149533652565896411234444333332222222111111111111111111111111112222222233333343222222222333332118336458195662758143258611118948215167536367711111747
7649321363369177521187565897111248597672337435251881198934865963554923361233333333333333332222222222222222222222222222333333333333333333333333333332166198629487554423549518651119887291114656457114161792
6314941184119711622111194891718762811111111111111111111111111111111111111222222222222222222222222222222222222222222222222222222222222222222222222222111111111111111111111143885111111117945551512119211592
7259391147178655155571111117817892785437211111111111111111111111111111111111111111111111111111111111111111111111111111111111111111111111111111111111111111111111111118111639214431498326595512471193717748
3371831624175598813677424114953617197857665818452625182328719739395666357314655733648232632464914487442871813414982254185612451123723125181891678694494492376342114392821152924861431111111114511131315646
4976114567611113145117758457262217626911671646991111111177656111119218118595561111266925556111111361971629194714572724871111144585324446111966445127456111111119623856111111157635211964662311655182623311
8446131617311111141356411111559218529373112827113814111111811134511117764411111111111388451158646111326124483112894453111111111126574111111111192799411111177211495591144731113191118992923731325114159527
1956451937535661171635928971119556726166661421378297761187113176791156495119445586121753111622622113369815115443111241193295479119191124973949116833711113377842496455451371115469116524492111377674216157
8478219749357347381188111861111921111548711261598684111546111981111338447747513711111311712791556117962831499257112781145878128943391956883972183331113915684216712133557621717597311115219955276149424969
6564187544215921871138174111128631115674114732969497162872971111132362777674111111739941675246271573289877114497311657115489596366321885817689191177118974311873747683643224315564571143344618831498833766
5271162731717639879381111745716387841121166871161915579851468175224892696294515823954335688988727311111146721193172941181546734164381415811451275324745311142244533195663871762863522643472117525111111583
3111742172371579545441311962194484816139722547571231581996869414542954696325365613497567419933928114361711974512369368768718249124726586361111194436117912468279211327357269116491298119226441331174211987
4641368716951179331324681919285111111167775393941211111111153991167111111929233165638111111111831153912361353666178344976131293133974811544296811113497115378172434114684115446812148211136714754774611714
5531694581945168611758711561958641828668111117135615598821811289116757911112812215881351337211538615577282111113648824949888911121596199157513737115694114366169665511174162177174755871581751589666911382
4811154755931216541198116224762766419231951184196294373737112862551177371116198251116417281116942893791124971561835928354819535119688198538196111113172711199119282241111174858811258211956463158259113663
5668111111113566182111155711422611111111119515837991111111787261357811111185511757695111111932412654917688523884111111111782719441111178499468432412921835111154864138819113319657111219431175811111142845